approach_pose: 
  position: [0.29, -0.23, 0.36]
  orientation: [0.000202591058181, -0.999961585071, -0.00525003584879, 0.00701601500909]